name: ppo-experiments
channels:
  - pytorch
  - defaults
  - conda-forge
  - bioconda
dependencies:
  - _libgcc_mutex=0.1=main
  - asn1crypto=1.3.0=py37_0
  - blas=1.0=mkl
  - bzip2=1.0.8=h7b6447c_0
  - ca-certificates=2020.1.1=0
  - certifi=2020.4.5.1=py37_0
  - cffi=1.14.0=py37h2e261b9_0
  - chardet=3.0.4=py37_1003
  - cloudpickle=1.3.0=py_0
  - cryptography=2.8=py37h1ba5d50_0
  - cudatoolkit=10.2.89=hfd86e86_0
  - ffmpeg=4.2.2=h20bf706_0
  - freetype=2.9.1=h8a8886c_1
  - future=0.18.2=py37_0
  - gmp=6.1.2=h6c8ec71_1
  - gnutls=3.6.5=h71b1129_1002
  - gym=0.17.1=py37hc8dfbb8_0
  - idna=2.9=py_1
  - intel-openmp=2020.0=166
  - joblib=0.14.1=py_0
  - jpeg=9b=h024ee3a_2
  - lame=3.100=h7b6447c_0
  - libedit=3.1.20181209=hc058e9b_0
  - libffi=3.2.1=hd88cf55_4
  - libgcc-ng=9.1.0=hdf63c60_0
  - libgfortran-ng=7.3.0=hdf63c60_0
  - libopus=1.3.1=h7b6447c_0
  - libpng=1.6.37=hbc83047_0
  - libsodium=1.0.16=h1bed415_0
  - libstdcxx-ng=9.1.0=hdf63c60_0
  - libtiff=4.1.0=h2733197_0
  - libvpx=1.7.0=h439df22_0
  - mkl=2020.0=166
  - mkl-service=2.3.0=py37he904b0f_0
  - mkl_fft=1.0.15=py37ha843d7b_0
  - mkl_random=1.1.0=py37hd6b4f25_0
  - ncurses=6.2=he6710b0_0
  - nettle=3.4.1=hbb512f6_0
  - ninja=1.9.0=py37hfd86e86_0
  - numpy=1.18.1=py37h4f9e942_0
  - numpy-base=1.18.1=py37hde5b4d6_1
  - olefile=0.46=py37_0
  - openh264=2.1.0=hd408876_0
  - openssl=1.1.1g=h7b6447c_0
  - pillow=7.0.0=py37hb39fc2d_0
  - pip=19.1.1=py37_0
  - pybox2d=2.3.10=py37h3340039_0
  - pycparser=2.20=py_0
  - pyglet=1.5.0=py37hc8dfbb8_1
  - pyopenssl=19.1.0=py37_0
  - pysocks=1.7.1=py37_0
  - python=3.7.5=h0371630_0
  - python_abi=3.7=1_cp37m
  - pytorch=1.5.0=py3.7_cuda10.2.89_cudnn7.6.5_0
  - pyzmq=18.1.1=py37he6710b0_0
  - readline=7.0=h7b6447c_5
  - requests=2.23.0=py37_0
  - scikit-learn=0.22.1=py37hd81dba3_0
  - scipy=1.4.1=py37h0b6359f_0
  - setuptools=46.1.3=py37_0
  - six=1.14.0=py37_0
  - sqlite=3.31.1=h62c20be_1
  - tk=8.6.8=hbc83047_0
  - torchfile=0.1.0=py_0
  - torchvision=0.6.0=py37_cu102
  - tornado=6.0.4=py37h7b6447c_1
  - visdom=0.1.8.9=0
  - websocket-client=0.57.0=py37_1
  - wheel=0.34.2=py37_0
  - x264=1!157.20191217=h7b6447c_0
  - xz=5.2.5=h7b6447c_0
  - zeromq=4.3.1=he6710b0_3
  - zlib=1.2.11=h7b6447c_3
  - zstd=1.3.7=h0b5b093_0
  - pip:
    - absl-py==0.9.0
    - cachetools==4.1.0
    - google-auth==1.14.1
    - google-auth-oauthlib==0.4.1
    - grpcio==1.28.1
    - markdown==3.2.1
    - oauthlib==3.1.0
    - protobuf==3.11.3
    - pyasn1==0.4.8
    - pyasn1-modules==0.2.8
    - pytorch-lightning==0.7.3
    - requests-oauthlib==1.3.0
    - rsa==4.0
    - tensorboard==2.2.1
    - tensorboard-plugin-wit==1.6.0.post3
    - tqdm==4.45.0
    - urllib3==1.25.9
    - werkzeug==1.0.1

